# oST version 5.0 parameters


[image]

width
640

height
360

[narrow_stereo]

camera matrix
680.552166 0.000000 335.099827
0.000000 683.540883 172.190834
0.000000 0.000000 1.000000

distortion
-0.007932 0.072653 -0.001395 -0.002261 0.000000

rectification
1.000000 0.000000 0.000000
0.000000 1.000000 0.000000
0.000000 0.000000 1.000000

projection
682.593994 0.000000 333.277892 0.000000
0.000000 686.101196 171.333124 0.000000
0.000000 0.000000 1.000000 0.000000

