# oST version 5.0 parameters


[image]

width
640

height
360

[narrow_stereo]

camera matrix
561.513697 0.000000 355.130098
0.000000 563.169622 172.307700
0.000000 0.000000 1.000000

distortion
-0.502470 0.257429 -0.001512 0.001455 0.000000

rectification
1.000000 0.000000 0.000000
0.000000 1.000000 0.000000
0.000000 0.000000 1.000000

projection
454.691345 0.000000 370.287387 0.000000
0.000000 529.611938 170.571740 0.000000
0.000000 0.000000 1.000000 0.000000

