# Created by Octave 3.6.4, Sat Aug 02 11:52:27 2014 CEST <elias@Elias>
# name: active_images
# type: matrix
# rows: 1
# columns: 20
 1 1 1 1 1 1 1 1 1 1 1 1 1 1 1 1 1 1 1 1


# name: ind_active
# type: lazy_index
# name: index_value
# type: matrix
# rows: 1
# columns: 20
 1 2 3 4 5 6 7 8 9 10 11 12 13 14 15 16 17 18 19 20




# name: wintx
# type: scalar
5


# name: winty
# type: scalar
5


# name: n_ima
# type: scalar
20


# name: type_numbering
# type: scalar
1


# name: N_slots
# type: scalar
2


# name: first_num
# type: scalar
1


# name: image_numbers
# type: range
# base, limit, increment
1 20 1


# name: format_image
# type: sq_string
# elements: 1
# length: 3
jpg


# name: calib_name
# type: sq_string
# elements: 1
# length: 10
chessboard


# name: Hcal
# type: scalar
480


# name: Wcal
# type: scalar
640


# name: nx
# type: scalar
640


# name: ny
# type: scalar
480


# name: map
# type: matrix
# rows: 256
# columns: 3
 0 0 0
 0.00392156862745098 0.00392156862745098 0.00392156862745098
 0.007843137254901961 0.007843137254901961 0.007843137254901961
 0.01176470588235294 0.01176470588235294 0.01176470588235294
 0.01568627450980392 0.01568627450980392 0.01568627450980392
 0.0196078431372549 0.0196078431372549 0.0196078431372549
 0.02352941176470588 0.02352941176470588 0.02352941176470588
 0.02745098039215686 0.02745098039215686 0.02745098039215686
 0.03137254901960784 0.03137254901960784 0.03137254901960784
 0.03529411764705882 0.03529411764705882 0.03529411764705882
 0.0392156862745098 0.0392156862745098 0.0392156862745098
 0.04313725490196078 0.04313725490196078 0.04313725490196078
 0.04705882352941176 0.04705882352941176 0.04705882352941176
 0.05098039215686274 0.05098039215686274 0.05098039215686274
 0.05490196078431372 0.05490196078431372 0.05490196078431372
 0.05882352941176471 0.05882352941176471 0.05882352941176471
 0.06274509803921569 0.06274509803921569 0.06274509803921569
 0.06666666666666667 0.06666666666666667 0.06666666666666667
 0.07058823529411765 0.07058823529411765 0.07058823529411765
 0.07450980392156863 0.07450980392156863 0.07450980392156863
 0.07843137254901961 0.07843137254901961 0.07843137254901961
 0.08235294117647059 0.08235294117647059 0.08235294117647059
 0.08627450980392157 0.08627450980392157 0.08627450980392157
 0.09019607843137255 0.09019607843137255 0.09019607843137255
 0.09411764705882353 0.09411764705882353 0.09411764705882353
 0.09803921568627451 0.09803921568627451 0.09803921568627451
 0.1019607843137255 0.1019607843137255 0.1019607843137255
 0.1058823529411765 0.1058823529411765 0.1058823529411765
 0.1098039215686274 0.1098039215686274 0.1098039215686274
 0.1137254901960784 0.1137254901960784 0.1137254901960784
 0.1176470588235294 0.1176470588235294 0.1176470588235294
 0.1215686274509804 0.1215686274509804 0.1215686274509804
 0.1254901960784314 0.1254901960784314 0.1254901960784314
 0.1294117647058824 0.1294117647058824 0.1294117647058824
 0.1333333333333333 0.1333333333333333 0.1333333333333333
 0.1372549019607843 0.1372549019607843 0.1372549019607843
 0.1411764705882353 0.1411764705882353 0.1411764705882353
 0.1450980392156863 0.1450980392156863 0.1450980392156863
 0.1490196078431373 0.1490196078431373 0.1490196078431373
 0.1529411764705882 0.1529411764705882 0.1529411764705882
 0.1568627450980392 0.1568627450980392 0.1568627450980392
 0.1607843137254902 0.1607843137254902 0.1607843137254902
 0.1647058823529412 0.1647058823529412 0.1647058823529412
 0.1686274509803922 0.1686274509803922 0.1686274509803922
 0.1725490196078431 0.1725490196078431 0.1725490196078431
 0.1764705882352941 0.1764705882352941 0.1764705882352941
 0.1803921568627451 0.1803921568627451 0.1803921568627451
 0.1843137254901961 0.1843137254901961 0.1843137254901961
 0.1882352941176471 0.1882352941176471 0.1882352941176471
 0.1921568627450981 0.1921568627450981 0.1921568627450981
 0.196078431372549 0.196078431372549 0.196078431372549
 0.2 0.2 0.2
 0.203921568627451 0.203921568627451 0.203921568627451
 0.207843137254902 0.207843137254902 0.207843137254902
 0.2117647058823529 0.2117647058823529 0.2117647058823529
 0.2156862745098039 0.2156862745098039 0.2156862745098039
 0.2196078431372549 0.2196078431372549 0.2196078431372549
 0.2235294117647059 0.2235294117647059 0.2235294117647059
 0.2274509803921569 0.2274509803921569 0.2274509803921569
 0.2313725490196079 0.2313725490196079 0.2313725490196079
 0.2352941176470588 0.2352941176470588 0.2352941176470588
 0.2392156862745098 0.2392156862745098 0.2392156862745098
 0.2431372549019608 0.2431372549019608 0.2431372549019608
 0.2470588235294118 0.2470588235294118 0.2470588235294118
 0.2509803921568627 0.2509803921568627 0.2509803921568627
 0.2549019607843137 0.2549019607843137 0.2549019607843137
 0.2588235294117647 0.2588235294117647 0.2588235294117647
 0.2627450980392157 0.2627450980392157 0.2627450980392157
 0.2666666666666667 0.2666666666666667 0.2666666666666667
 0.2705882352941176 0.2705882352941176 0.2705882352941176
 0.2745098039215687 0.2745098039215687 0.2745098039215687
 0.2784313725490196 0.2784313725490196 0.2784313725490196
 0.2823529411764706 0.2823529411764706 0.2823529411764706
 0.2862745098039216 0.2862745098039216 0.2862745098039216
 0.2901960784313726 0.2901960784313726 0.2901960784313726
 0.2941176470588235 0.2941176470588235 0.2941176470588235
 0.2980392156862745 0.2980392156862745 0.2980392156862745
 0.3019607843137255 0.3019607843137255 0.3019607843137255
 0.3058823529411765 0.3058823529411765 0.3058823529411765
 0.3098039215686275 0.3098039215686275 0.3098039215686275
 0.3137254901960784 0.3137254901960784 0.3137254901960784
 0.3176470588235294 0.3176470588235294 0.3176470588235294
 0.3215686274509804 0.3215686274509804 0.3215686274509804
 0.3254901960784314 0.3254901960784314 0.3254901960784314
 0.3294117647058823 0.3294117647058823 0.3294117647058823
 0.3333333333333333 0.3333333333333333 0.3333333333333333
 0.3372549019607843 0.3372549019607843 0.3372549019607843
 0.3411764705882353 0.3411764705882353 0.3411764705882353
 0.3450980392156863 0.3450980392156863 0.3450980392156863
 0.3490196078431372 0.3490196078431372 0.3490196078431372
 0.3529411764705883 0.3529411764705883 0.3529411764705883
 0.3568627450980392 0.3568627450980392 0.3568627450980392
 0.3607843137254902 0.3607843137254902 0.3607843137254902
 0.3647058823529412 0.3647058823529412 0.3647058823529412
 0.3686274509803922 0.3686274509803922 0.3686274509803922
 0.3725490196078431 0.3725490196078431 0.3725490196078431
 0.3764705882352941 0.3764705882352941 0.3764705882352941
 0.3803921568627451 0.3803921568627451 0.3803921568627451
 0.3843137254901961 0.3843137254901961 0.3843137254901961
 0.3882352941176471 0.3882352941176471 0.3882352941176471
 0.392156862745098 0.392156862745098 0.392156862745098
 0.396078431372549 0.396078431372549 0.396078431372549
 0.4 0.4 0.4
 0.403921568627451 0.403921568627451 0.403921568627451
 0.407843137254902 0.407843137254902 0.407843137254902
 0.4117647058823529 0.4117647058823529 0.4117647058823529
 0.4156862745098039 0.4156862745098039 0.4156862745098039
 0.4196078431372549 0.4196078431372549 0.4196078431372549
 0.4235294117647059 0.4235294117647059 0.4235294117647059
 0.4274509803921568 0.4274509803921568 0.4274509803921568
 0.4313725490196079 0.4313725490196079 0.4313725490196079
 0.4352941176470588 0.4352941176470588 0.4352941176470588
 0.4392156862745098 0.4392156862745098 0.4392156862745098
 0.4431372549019608 0.4431372549019608 0.4431372549019608
 0.4470588235294118 0.4470588235294118 0.4470588235294118
 0.4509803921568628 0.4509803921568628 0.4509803921568628
 0.4549019607843137 0.4549019607843137 0.4549019607843137
 0.4588235294117647 0.4588235294117647 0.4588235294117647
 0.4627450980392157 0.4627450980392157 0.4627450980392157
 0.4666666666666667 0.4666666666666667 0.4666666666666667
 0.4705882352941176 0.4705882352941176 0.4705882352941176
 0.4745098039215686 0.4745098039215686 0.4745098039215686
 0.4784313725490196 0.4784313725490196 0.4784313725490196
